Experiment Results:
-------------------------------------------------------------
Records | Chunk Size | bWay | Time (seconds) | Passes
-------------------------------------------------------------
    100 |          5 |    2 |      0.005133 |      2
   1000 |          5 |    2 |      0.083234 |      5
  30000 |          5 |    2 |      2.618445 |     10
    100 |          5 |   10 |      0.001131 |      1
   1000 |          5 |   10 |      0.009376 |      2
  30000 |          5 |   10 |      1.357450 |      3
    100 |         10 |    2 |      0.001689 |      1
   1000 |         10 |    2 |      0.053531 |      4
  30000 |         10 |    2 |      2.422348 |      9
    100 |         10 |   10 |      0.001013 |      1
   1000 |         10 |   10 |      0.010341 |      2
  30000 |         10 |   10 |      1.219299 |      3
-------------------------------------------------------------
